v 289,705368024277 -50,0121303407742 218,188569353258
v 415,828852128686 -140,612217637523 254,287727549486
v 384,033156407476 78,3009568718178 210,660072026558
v 314,480221795573 -77,3257554221383 63,0794761677977
v 440,603705899982 -167,925842718887 99,1786343640262
v 408,808010178773 50,9873317904537 55,550978841098
v 510,156640511885 -12,2991304249312 246,759230222786
v 534,931494283182 -39,6127555062954 91,6501370373265
e 0 1
e 0 2
e 0 3
e 1 4
e 1 6
e 2 5
e 2 6
e 3 5
e 3 4
e 4 7
e 5 7
e 6 7

